
DETnodeflx = [
    1    1    1    1    1    1    1    1    1    1  1.29686E+18 0.00467 
    2    1    2    1    1    1    1    1    1    1  2.30357E+18 0.00404 
    3    1    3    1    1    1    1    1    1    1  2.70867E+18 0.00335 
    4    1    4    1    1    1    1    1    1    1  2.79852E+18 0.00292 
    5    1    5    1    1    1    1    1    1    1  2.85372E+18 0.00308 
    6    1    6    1    1    1    1    1    1    1  2.97286E+18 0.00330 
    7    1    7    1    1    1    1    1    1    1  3.14824E+18 0.00356 
    8    1    8    1    1    1    1    1    1    1  3.28393E+18 0.00330 
    9    1    9    1    1    1    1    1    1    1  3.38084E+18 0.00296 
   10    1   10    1    1    1    1    1    1    1  3.22000E+18 0.00328 
   11    1   11    1    1    1    1    1    1    1  2.63511E+18 0.00336 
   12    1   12    1    1    1    1    1    1    1  1.38681E+18 0.00433 
   13    1   13    1    1    1    1    1    1    1  2.51214E+18 0.00350 
   14    1   14    1    1    1    1    1    1    1  4.48158E+18 0.00293 
   15    1   15    1    1    1    1    1    1    1  5.17267E+18 0.00274 
   16    1   16    1    1    1    1    1    1    1  5.41491E+18 0.00226 
   17    1   17    1    1    1    1    1    1    1  5.48534E+18 0.00254 
   18    1   18    1    1    1    1    1    1    1  5.71482E+18 0.00249 
   19    1   19    1    1    1    1    1    1    1  6.03259E+18 0.00250 
   20    1   20    1    1    1    1    1    1    1  6.30326E+18 0.00230 
   21    1   21    1    1    1    1    1    1    1  6.42689E+18 0.00238 
   22    1   22    1    1    1    1    1    1    1  6.10394E+18 0.00228 
   23    1   23    1    1    1    1    1    1    1  4.98510E+18 0.00275 
   24    1   24    1    1    1    1    1    1    1  2.61742E+18 0.00354 
   25    1   25    1    1    1    1    1    1    1  2.78166E+18 0.00368 
   26    1   26    1    1    1    1    1    1    1  4.89792E+18 0.00268 
   27    1   27    1    1    1    1    1    1    1  5.64047E+18 0.00237 
   28    1   28    1    1    1    1    1    1    1  5.83113E+18 0.00240 
   29    1   29    1    1    1    1    1    1    1  6.00063E+18 0.00228 
   30    1   30    1    1    1    1    1    1    1  6.33622E+18 0.00230 
   31    1   31    1    1    1    1    1    1    1  6.75857E+18 0.00232 
   32    1   32    1    1    1    1    1    1    1  7.19442E+18 0.00223 
   33    1   33    1    1    1    1    1    1    1  7.46194E+18 0.00219 
   34    1   34    1    1    1    1    1    1    1  7.15712E+18 0.00213 
   35    1   35    1    1    1    1    1    1    1  5.91884E+18 0.00229 
   36    1   36    1    1    1    1    1    1    1  3.19158E+18 0.00307 
   37    1   37    1    1    1    1    1    1    1  2.72450E+18 0.00318 
   38    1   38    1    1    1    1    1    1    1  4.81891E+18 0.00246 
   39    1   39    1    1    1    1    1    1    1  5.56989E+18 0.00237 
   40    1   40    1    1    1    1    1    1    1  5.78148E+18 0.00224 
   41    1   41    1    1    1    1    1    1    1  5.87016E+18 0.00238 
   42    1   42    1    1    1    1    1    1    1  6.18770E+18 0.00232 
   43    1   43    1    1    1    1    1    1    1  6.49950E+18 0.00238 
   44    1   44    1    1    1    1    1    1    1  6.85868E+18 0.00217 
   45    1   45    1    1    1    1    1    1    1  7.03474E+18 0.00213 
   46    1   46    1    1    1    1    1    1    1  6.73727E+18 0.00212 
   47    1   47    1    1    1    1    1    1    1  5.51386E+18 0.00257 
   48    1   48    1    1    1    1    1    1    1  2.90887E+18 0.00337 
   49    1   49    1    1    1    1    1    1    1  1.51111E+18 0.00484 
   50    1   50    1    1    1    1    1    1    1  2.63520E+18 0.00349 
   51    1   51    1    1    1    1    1    1    1  2.96084E+18 0.00286 
   52    1   52    1    1    1    1    1    1    1  3.02710E+18 0.00297 
   53    1   53    1    1    1    1    1    1    1  3.14519E+18 0.00296 
   54    1   54    1    1    1    1    1    1    1  3.37753E+18 0.00307 
   55    1   55    1    1    1    1    1    1    1  3.58196E+18 0.00287 
   56    1   56    1    1    1    1    1    1    1  3.87401E+18 0.00270 
   57    1   57    1    1    1    1    1    1    1  4.05044E+18 0.00274 
   58    1   58    1    1    1    1    1    1    1  3.95374E+18 0.00278 
   59    1   59    1    1    1    1    1    1    1  3.34182E+18 0.00306 
   60    1   60    1    1    1    1    1    1    1  1.80406E+18 0.00385 
   61    1   61    1    1    1    1    1    1    1  2.90459E+18 0.00316 
   62    1   62    1    1    1    1    1    1    1  5.08416E+18 0.00240 
   63    1   63    1    1    1    1    1    1    1  5.77955E+18 0.00216 
   64    1   64    1    1    1    1    1    1    1  6.00833E+18 0.00252 
   65    1   65    1    1    1    1    1    1    1  6.19062E+18 0.00225 
   66    1   66    1    1    1    1    1    1    1  6.58334E+18 0.00232 
   67    1   67    1    1    1    1    1    1    1  7.05775E+18 0.00225 
   68    1   68    1    1    1    1    1    1    1  7.48303E+18 0.00224 
   69    1   69    1    1    1    1    1    1    1  7.83065E+18 0.00209 
   70    1   70    1    1    1    1    1    1    1  7.62807E+18 0.00201 
   71    1   71    1    1    1    1    1    1    1  6.38320E+18 0.00212 
   72    1   72    1    1    1    1    1    1    1  3.45434E+18 0.00298 
   73    1   73    1    1    1    1    1    1    1  3.10962E+18 0.00354 
   74    1   74    1    1    1    1    1    1    1  5.38714E+18 0.00302 
   75    1   75    1    1    1    1    1    1    1  6.05496E+18 0.00247 
   76    1   76    1    1    1    1    1    1    1  6.25901E+18 0.00227 
   77    1   77    1    1    1    1    1    1    1  6.46676E+18 0.00239 
   78    1   78    1    1    1    1    1    1    1  6.97806E+18 0.00234 
   79    1   79    1    1    1    1    1    1    1  7.50896E+18 0.00229 
   80    1   80    1    1    1    1    1    1    1  8.08580E+18 0.00203 
   81    1   81    1    1    1    1    1    1    1  8.47149E+18 0.00198 
   82    1   82    1    1    1    1    1    1    1  8.36724E+18 0.00217 
   83    1   83    1    1    1    1    1    1    1  7.09270E+18 0.00218 
   84    1   84    1    1    1    1    1    1    1  3.86240E+18 0.00311 
   85    1   85    1    1    1    1    1    1    1  1.48154E+18 0.00475 
   86    1   86    1    1    1    1    1    1    1  2.57825E+18 0.00333 
   87    1   87    1    1    1    1    1    1    1  2.97106E+18 0.00324 
   88    1   88    1    1    1    1    1    1    1  3.06354E+18 0.00337 
   89    1   89    1    1    1    1    1    1    1  3.15728E+18 0.00294 
   90    1   90    1    1    1    1    1    1    1  3.34409E+18 0.00284 
   91    1   91    1    1    1    1    1    1    1  3.58436E+18 0.00325 
   92    1   92    1    1    1    1    1    1    1  3.83237E+18 0.00308 
   93    1   93    1    1    1    1    1    1    1  4.01010E+18 0.00266 
   94    1   94    1    1    1    1    1    1    1  3.93963E+18 0.00294 
   95    1   95    1    1    1    1    1    1    1  3.27138E+18 0.00294 
   96    1   96    1    1    1    1    1    1    1  1.78972E+18 0.00392 
   97    1   97    1    1    1    1    1    1    1  1.63285E+18 0.00551 
   98    1   98    1    1    1    1    1    1    1  2.85887E+18 0.00406 
   99    1   99    1    1    1    1    1    1    1  3.22630E+18 0.00343 
  100    1  100    1    1    1    1    1    1    1  3.32931E+18 0.00307 
  101    1  101    1    1    1    1    1    1    1  3.40682E+18 0.00350 
  102    1  102    1    1    1    1    1    1    1  3.67545E+18 0.00307 
  103    1  103    1    1    1    1    1    1    1  3.95908E+18 0.00288 
  104    1  104    1    1    1    1    1    1    1  4.32066E+18 0.00283 
  105    1  105    1    1    1    1    1    1    1  4.55178E+18 0.00236 
  106    1  106    1    1    1    1    1    1    1  4.50690E+18 0.00274 
  107    1  107    1    1    1    1    1    1    1  3.85753E+18 0.00296 
  108    1  108    1    1    1    1    1    1    1  2.09820E+18 0.00431 
  109    1  109    1    1    1    1    1    1    1  1.54123E+18 0.00455 
